10
61.892988 1.216576 -21.088440 -68.210856 81.532575 -26.506157 38.769498 -33.228079 -13.124512 -19.998286 20.447052 
-60.849065 -79.701541 -10.612322 -25.361185 96.039004 58.780599 -56.982309 64.406745 5.801285 95.247871 -80.272330 
-60.451639 -83.324335 -63.857265 -82.732200 -77.484915 2.943849 94.357431 73.580368 47.205765 88.340498 -77.467273 
-48.891004 -71.923776 25.349051 88.341007 25.126984 -38.793167 -29.856574 96.195689 -62.360518 97.400922 -39.710176 
-31.862462 -2.474268 -34.056219 97.032104 45.266126 -32.235080 -85.139927 99.467789 -24.306526 -83.916728 89.917417 
-80.057662 -82.712311 7.611503 -10.588577 -30.728368 -46.564833 -14.541950 -55.821444 -15.676132 20.681723 58.850597 
76.188816 -32.586907 44.255562 62.023468 3.359840 -85.187959 -13.470096 49.602745 85.290433 71.330038 43.149484 
-98.885617 69.196682 90.081460 -3.589408 -73.201726 -1.756105 78.078199 84.267008 93.191304 75.180483 83.775788 
-70.641807 41.791556 -58.166474 -59.153934 -48.413338 -38.306316 85.722406 95.977192 -74.527430 -34.249079 -62.876010 
-140.161182 -236.207344 -104.265195 9.068870 170.479774 -35.809956 -38.851881 300.422512 -46.784506 177.074277 87.085310