0,0 3,0 1,0
0,01 3,09 1,04
0,02 3,1826999999999996 1,0809
0,03 3,2781809999999996 1,122727
0,04 3,3765264299999997 1,16550881
0,05 3,4778222228999995 1,2092740743
0,060000000000000005 3,5821568895869995 1,254052296529
0,07 3,6896215962746095 1,29987386542487
0,08 3,800310244162848 1,3467700813876162
0,09 3,914319551487733 1,3947731838292448
0,09999999999999999 4,031749138032365 1,443916379344122
0,10999999999999999 4,1527016121733356 1,4942338707244458
0,11999999999999998 4,2772826605385355 1,5457608868461792
0,12999999999999998 4,405601140354691 1,5985337134515645
0,13999999999999999 4,537769174565332 1,6525897248551114
0,15 4,673902249802292 1,7079674166007646
0,16 4,814119317296361 1,7647064390987874
0,17 4,958542896815251 1,822847632271751
0,18000000000000002 5,107299183719708 1,8824330612399036
0,19000000000000003 5,2605181592312995 1,9435060530771007
0,20000000000000004 5,418333704008238 2,006111234669414
0,21000000000000005 5,580883715128485 2,0702945717094963
0,22000000000000006 5,74831022658234 2,136103408860781
0,23000000000000007 5,92075953337981 2,2035865111266046
0,24000000000000007 6,098382319381204 2,272794106460403
0,25000000000000006 6,28133378896264 2,343777929654215
0,26000000000000006 6,4697738026315195 2,4165912675438417
0,2700000000000001 6,663867016710465 2,491289005570157
0,2800000000000001 6,863783027211778 2,5679276757372613
0,2900000000000001 7,069696518028132 2,646565506009379
0,3000000000000001 7,281787413568976 2,7272624711896603
0,3100000000000001 7,500241035976045 2,8100803453253502
0,3200000000000001 7,725248267055326 2,895082755685111
0,3300000000000001 7,957005715066986 2,982335238355664
0,34000000000000014 8,195715886518995 3,0719052955063337
0,35000000000000014 8,441587363114564 3,1638624543715235
0,36000000000000015 8,694834984008 3,2582783280026693
0,37000000000000016 8,95568003352824 3,355226677842749
0,38000000000000017 9,224350434534088 3,4547834781780313
0,3900000000000002 9,501080947570111 3,557026982523372
0,4000000000000002 9,786113375997214 3,662037791999073
0,4100000000000002 10,07969677727713 3,7698989257590454
0,4200000000000002 10,382087680595443 3,8806958935318168
0,4300000000000002 10,693550311013306 3,9945167703377713
0,4400000000000002 11,014356820343705 4,111452273447904
0,45000000000000023 11,344787524954016 4,231595841651341
0,46000000000000024 11,685131150702636 4,355043716900881
0,47000000000000025 12,035685085223715 4,481895028407908
0,48000000000000026 12,396755637780426 4,612251879260145
0,49000000000000027 12,768658306913839 4,74621943563795
0,5000000000000002 13,151718056121254 4,883906018707088
0,5100000000000002 13,54626959780489 5,0254231992683005
0,5200000000000002 13,952657685739037 5,170885895246349
0,5300000000000002 14,371237416311208 5,320412472103739
0,5400000000000003 14,802374538800544 5,474124846266851
0,5500000000000003 15,24644577496456 5,632148591654857
0,5600000000000003 15,703839148213497 5,794613049404502
0,5700000000000003 16,1749543226599 5,961651440886637
0,5800000000000003 16,660202952339695 6,133400984113236
0,5900000000000003 17,160009040909884 6,310003013636633
0,6000000000000003 17,67480931213718 6,491603104045732
0,6100000000000003 18,205053591501297 6,678351197167103
0,6200000000000003 18,751205199246336 6,870401733082116
0,6300000000000003 19,313741355223726 7,0679137850745795
0,6400000000000003 19,893153595880438 7,271051198626817
0,6500000000000004 20,48994820375685 7,479982734585621
0,6600000000000004 21,104646649869554 7,69488221662319
0,6700000000000004 21,737786049365642 7,915928683121886
0,6800000000000004 22,38991963084661 8,143306543615543
0,6900000000000004 23,061617219772007 8,377205739924008
0,7000000000000004 23,75346573636517 8,617821912121729
0,7100000000000004 24,46606970845612 8,86535656948538
0,7200000000000004 25,200051799709804 9,120017266569942
0,7300000000000004 25,956053353701098 9,38201778456704
0,7400000000000004 26,73473495431213 9,65157831810405
0,7500000000000004 27,536777002941495 9,92892566764717
0,7600000000000005 28,362880313029738 10,214293437676586
0,7700000000000005 29,21376672242063 10,507922240806884
0,7800000000000005 30,090179724093247 10,810059908031091
0,7900000000000005 30,992885115816044 11,120961705272023
0,8000000000000005 31,922671669290526 11,440890556430183
0,8100000000000005 32,88035181936924 11,770117273123088
0,8200000000000005 33,866762373950316 12,10892079131678
0,8300000000000005 34,88276524516883 12,457588415056284
0,8400000000000005 35,929248202523894 12,816416067507973
0,8500000000000005 37,00712564859961 13,185708549533212
0,8600000000000005 38,1173394180576 13,565779806019208
0,8700000000000006 39,260859600599325 13,956953200199784
0,8800000000000006 40,4386853886173 14,359561796205778
0,8900000000000006 41,65184595027582 14,77394865009195
0,9000000000000006 42,9014013287841 15,200467109594708
0,9100000000000006 44,18844336864762 15,639481122882549
0,9200000000000006 45,514096669707044 16,091365556569023
0,9300000000000006 46,879519569798255 16,556506523266094
0,9400000000000006 48,2859051568922 17,035301718964078
0,9500000000000006 49,73448231159897 17,528160770533
0,9600000000000006 51,22651678094694 18,03550559364899
0,9700000000000006 52,763312284375345 18,557770761458457
0,9800000000000006 54,346211652906604 19,09540388430221
0,9900000000000007 55,9765980024938 19,648866000831276
1,0000000000000007 57,65589594256861 20,218631980856216
